2722
1337
790
1904
3387
2253
3241
682
349
3801
3842
3854
3606
2271
2378
2845
378
232
2775
1196
1368
3430
3265
2396
3554
3204
2662
2609
2292
1085
3017
918
2422
3807
2822
1713
1965
1967
2395
2314
1672
2142
2072
1182
317
354
4028
695
587
2707
1891
1955
2041
1060
255
1499
169
2917
13
2461
4002
3030
3379
2329
2742
2105
4042
611
4072
2342
2925
1648
388
901
2831
705
1256
2763
1401
1843
1374
3292
3798
3416
257
4053
819
426
2875
832
2887
2781
3863
2170
1014
2509
179
961
3120
155
3303
1949
1803
3691
2850
538
300
10
3301
1701
1853
580
898
1555
3996
1155
1513
719
1581
292
1552
372
3073
1319
2542
4088
3828
2721
953
2852
2876
160
705
583
3851
3555
1122
55
3566
327
1757
1323
907
2655
2879
807
3810
296
1527
1295
588
3079
1667
3661
302
113
3653
34
2834
510
2886
1614
670
3591
2197
425
3050
3319
481
2520
3647
2238
3844
458
797
2627
1266
511
2923
2793
1806
3511
1776
3473
3076
2078
3586
2634
2112
2324
3144
902
3938
3815
397
2039
144
3447
1263
625
1872
814
2863
1620
1272
3660
151
2538
75
3074
1235
1881
2489
3011
1258
1469
993
748
7
3105
3072
3152
4007
2914
2871
308
858
3015
3756
2121
3641
1532
2935
2408
3152
111
1973
3303
2650
2048
2281
3885
3930
674
2801
1092
2143
3794
1841
2151
2804
817
1207
2715
3732
4078
3024
494
2997
2684
2615
2542
120
1454
855
3272
1565
2828
2479
119
780
664
4005
614
1338
2710
1707
3481
2408
3548
1536
1116
269
2743
3832
4001
2725
2760
399
1627
1348
3014
73
1468
372
928
644
1938
3756
3123
2057
441
3787
1966
1055
1029
580
2762
414
2989
2214
1951
9
2484
598
3841
2389
3324
2505
2789
855
3853
1707
928
1225
2080
1857
1869
4018
1517
896
1979
1958
587
3946
3014
1616
430
1680
2031
3419
3895
3982
3429
2283
484
3174
576
3808
1584
3365
567
1341
977
1496
2567
3057
3353
340
2979
774
1237
862
2733
1824
712
1651
3441
1143
3331
1376
466
3130
1262
3895
1317
1746
2974
1894
1459
462
1163
2026
1803
2140
3522
274
1101
2779
615
4080
3554
1852
847
2191
3676
1559
3842
3021
2702
3077
301
3169
2112
1563
2968
3429
3310
1846
1227
673
2308
2391
2699
16
435
2126
290
1537
809
905
1521
267
2757
2368
2458
2338
3928
2204
1263
2534
1186
1565
1607
3298
3128
480
2631
2342
2326
3859
3015
539
2154
1619
555
2589
3745
845
30
458
1751
1552
726
412
3920
3184
2750
3752
1293
4014
2191
2479
1483
3798
1681
515
182
216
2858
2509
4075
1777
3048
2133
3396
3603
627
3045
352
657
3504
2103
2209
134
2516
2034
3318
1170
1690
515
1088
3881
2994
2571
3584
579
3087
3766
796
1849
2179
775
3626
1131
2909
2927
638
3536
1876
991
97
1284
3094
2307
1418
1514
245
641
2685
1935
1156
3773
1721
55
2249
1209
634
1240
879
1430
3089
3059
2206
2619
94
1019
1450
733
459
3327
1724
556
515
722
2863
1934
2237
3108
2575
826
948
3731
503
2669
3786
2752
3878
325
3992
661
1755
2985
3720
3961
1509
3815
884
2959
452
1343
2190
2176
1900
2706
2898
667
544
1039
3776
3119
1865
628
2754
2369
3297
2445
1025
3079
2770
922
3740
429
3907
3365
295
1320
3084
1179
184
3536
2523
2374
1616
327
984
418
994
1528
1458
674
551
3323
1302
3306
1596
503
1655
2622
3582
329
3544
3227
758
3355
2496
1053
580
1484
2233
764
924
660
3138
2540
987
27
2958
1981
1555
320
2656
2107
3644
3958
1317
1144
366
2972
3766
3948
3301
3214
3079
4059
2474
1479
1017
3054
2963
3250
3818
3887
3910
2860
2331
801
2887
1194
2782
347
1514
1342
2454
1062
1205
3771
2207
1571
2647
1877
1423
1852
996
407
1815
3470
1886
2832
2428
754
1986
2150
545
1800
914
2877
2601
3802
4071
1288
53
1489
2630
2507
2552
3835
2182
663
1310
733
2540
2734
2585
3536
3141
304
2910
931
3137
1242
1685
1027
3392
2231
2828
211
1012
1333
4013
987
2621
4066
2476
1156
2477
932
895
563
1595
2206
1296
40
844
3881
3576
3985
89
2391
820
3226
3633
2506
158
2930
641
2986
3141
1653
223
3058
2640
2845
3028
1020
4001
1409
1953
800
1972
3548
3006
3268
3588
3850
3053
3069
3739
3142
1364
464
2273
901
2970
2431
3831
3611
1321
2876
1168
1544
1838
3808
293
770
732
198
2179
2685
999
55
2138
4005
3323
1630
3760
2280
603
3403
1327
1967
3867
3600
2869
2741
1935
2604
2256
3256
1385
3424
704
3223
3136
998
3994
3869
1196
2077
2458
2195
2133
500
2105
1360
2131
1769
3641
2734
1076
872
606
848
376
3475
3589
2311
1983
1750
1471
3368
1078
2175
2496
119
3173
2394
3988
274
375
2350
2469
2508
2851
478
3869
886
2247
3414
3620
3324
190
130
76
566
3605
3665
2877
1493
1319
252
765
2398
2427
3261
2517
1505
1559
2409
1779
1935
663
152
347
3514
631
120
304
2878
3534
3925
2106
3724
4055
2182
194
3565
1752
3071
962
3071
3323
1727
1373
1655
893
3890
3160
2452
2203
843
291
2867
995
639
2285
1626
759
2590
409
198
2419
2515
3922
2378
602
21
1847
2354
3092
2809
1329
2320
441
2703
3975
1334
2497
3039
3786
605
3882
4078
3472
781
621
1661
2408
1380
155
2817
1578
2574
1236
1405
857
1838
1426
2704
96
422
1418
1426
2742
1859
33
2621
3193
2530
1564
2883
3135
1350
2865
2511
2132
3486
77
444
771
232
3261
2349
2807
401
3754
3664
2240
1084
2272
2336
1507
3690
3762
153
1453
3795
2775
550
2230
243
3434
1269
1594
2203
3781
3726
1594
3858
74
2365
4090
3335
618
2801
3736
277
2369
1880
1361
546
121
2868
140
3883
3022
1594
3583
1701
2144
1717
1944
1482
2986
3538
3686
2671
3168
1184
2433
3242
3549
2428
2481
71
1133
2122
348
3503
4002
1710
4049
27
482
93
3911
3504
1687
3398
1109
3832
1019
3054
1218
4005
2496
808
2581
1569
1992
918
715
1445
3346
3197
1517
384
1223
1865
3887
1129
3575
3840
1157
4058
3933
972
3466
1525
274
480
1261
1293
3534
2479
1202
1934
3288
3783
3503
1184
606
123
2630
3952
3320
51
240
447
1916
31
1576
1396
3871
2733
1358
3709
3705
728
1138
3979
1208
2399
1176
646
782
2379
2581
4070
2066
1988
1159
2672
2111
3789
2529
1335
3840
2769
1782
1660
2801
3359
3056
2576
1996
318
2189
1606
1047
3327
1489
2255
1630
2666
2902
2413
949
1387
2387
3015
3375
3546
1592
1391
3239
25
2726
2983
2794
413
548
1499
3772
3604
4076
1672
3923
2169
3278
874
1401
672
3129
3031
3338
1935
1348
191
3322
3736
3206
2602
3186
702
3993
2330
727
2623
1217
3522
3036
1765
925
2712
1274
905
289
1101
3075
3567
1975
380
143
1008
3411
3481
2944
664
3672
2170
304
2783
676
3490
3485
573
1724
117
3197
2942
3639
2137
611
468
754
1885
1374
1043
2986
353
514
865
733
658
1874
48
43
722
712
3716
2892
1016
2403
3569
411
1792
46
2135
1909
3243
981
1452
1285
1593
1921
2039
3478
3295
3082
2369
3648
3596
3234
285
158
1012
333
202
1734
1046
3918
531
2062
2225
4
2473
4017
50
513
1831
3294
1494
3283
483
3087
1108
2522
2470
307
1508
743
3955
1008
3977
144
1167
894
478
1369
2628
1524
1191
3159
3586
3416
3163
1964
3337
3214
2477
1072
2412
3971
260
2895
2963
1368
1321
1337
1676
2829
2080
1535
3837
1961
1680
908
2855
2158
2277
1388
3682
3468
451
3172
2788
3615
1040
2030
2733
3517
3102
1049
3393
3362
3944
2260
635
1169
3597
2311
3998
1581
3846
3739
3542
1430
552
2302
3588
2829
3690
3174
2202
45
2251
894
3660
3291
2924
2297
2713
1931
3346
2010
1197
3194
174
1832
267
3771
47
169
1256
3894
3909
702
1228
365
3004
721
3194
2598
3895
1300
2644
2050
2195
2208
1246
1023
410
3959
2954
3756
1873
56
2855
2047
1888
3122
1722
1936
3292
2978
1734
3105
3680
2962
3470
2589
3683
2568
1091
3483
3869
3735
1437
1968
1848
2683
2991
2258
2546
1850
1918
323
1906
677
2370
3794
3800
4092
1634
2996
2974
3368
2005
2559
2235
1379
1052
1822
3947
2143
1209
3720
1783
2647
1592
3631
1234
488
1793
3781
2338
3711
8
148
293
2379
3942
4093
2375
1481
2993
1254
753
902
3813
2988
2281
769
715
2132
2912
1924
1757
599
475
3349
134
1710
3837
1927
1395
2079
1543
1403
2227
1836
3782
2074
1833
2062
3555
730
3316
212
1632
3033
3201
3913
3802
3916
1949
2618
1744
3706
3218
2220
2960
3352
3930
2701
1184
1229
685
2727
2632
2912
467
2319
890
2300
285
349
3030
3601
562
566
2538
3763
383
2244
3583
2332
766
1231
1943
3984
3451
807
3241
3285
3508
329
418
97
3056
3051
3010
3523
1274
3900
1727
1559
154
661
1064
716
1227
3602
383
1610
1750
3966
3942
2516
1101
1789
2405
457
2596
1550
3742
2009
1879
65
2106
839
3116
1020
266
294
825
1993
1853
979
2654
2917
1695
3881
2423
2078
1395
77
1948
1241
2593
3049
3031
902
3506
1531
2452
3153
3540
235
3218
1551
1074
2238
2571
1340
2532
3396
3333
289
279
1891
3206
1974
1676
1533
4052
3071
1610
1904
217
107
858
3248
1010
268
683
3462
3421
128
3698
2543
1679
676
685
154
2017
3217
3551
1254
3506
3830
3146
2616
1709
726
53
1665
3798
1663
3570
4015
1771
332
3167
2781
600
3850
2147
4022
3978
1749
2469
1561
2426
3155
1716
347
2276
1171
1601
1687
905
651
207
2614
1378
261
184
1080
1924
3754
999
3695
4086
70
2380
590
3920
432
516
3803
2181
2986
1268
511
2045
2984
858
225
59
2460
1912
965
3111
2120
3579
393
2381
3763
1473
209
3421
2472
3905
3411
2542
2189
4002
2367
2621
422
2074
707
3408
3342
1218
1357
2231
2077
1583
2290
441
3495
3255
3552
1519
2739
3946
3900
2406
1323
14
1732
3796
3919
1047
2242
2012
953
513
538
1376
2587
1245
688
1834
2463
2046
4065
444
3629
2259
885
3028
1419
342
452
62
192
256
2468
1515
270
104
1215
93
1152
3458
2106
2105
3971
2644
3481
2463
3889
74
201
2256
2120
170
2701
1653
2429
3586
585
3848
3928
1037
3910
24
1294
2283
1540
1564
2387
2755
1658
3539
2117
3764
1549
1993
2312
934
360
2105
1008
561
265
3128
731
2966
685
3160
2457
1271
2913
2289
2308
2727
2314
3602
914
3854
1071
3302
2513
2729
2745
535
2397
198
2528
613
1133
2888
2718
2141
3449
2983
1174
84
1854
1859
3244
215
3130
2061
2504
1343
693
722
849
1607
480
1920
813
2994
553
3559
3529
2950
3757
1961
3563
794
753
2185
2936
106
1073
14
190
2927
1873
3434
3142
908
1400
1550
2251
2093
2273
3100
3700
2753
925
418
1651
1478
3977
1084
333
3638
3045
3896
337
3798
1986
3273
3904
3059
3287
4094
1890
1064
3433
936
1972
737
2486
127
2830
663
3228
2434
3417
57
2852
972
1535
2733
2057
1868
2276
1006
1669
2613
709
3655
1790
517
2618
981
516
412
2045
3949
1348
4018
590
3834
49
3420
402
3277
1758
3819
3334
515
695
774
3248
2752
2642
1428
3759
215
4041
372
3870
1735
889
2392
2716
1405
2804
666
1258
56
588
1848
3891
637
1172
197
3915
2931
4016
3153
3446
615
3927
2598
3368
2474
4027
3031
2689
3972
3403
2464
1612
196
760
232
1602
